15541748	51,428997058824	11,872324705882	129,6	85
15541750	51,428997058824	11,872324705882	126,7	85
15541749	51,428997058824	11,872324705882	127	85
15541751	51,428997058824	11,872324705882	123,7	85
15551764	51,428997058824	11,872324705882	131,2	96
15541752	51,428997058824	11,872324705882	124,3	85
15551763	51,428997058824	11,872324705882	132,7	96
15551761	51,428997058824	11,872324705882	131,6	96
15551758	51,428997058824	11,872324705882	127,9	96
15551762	51,428997058824	11,872324705882	131,4	96
15551759	51,428997058824	11,872324705882	130,2	96
15551755	51,428997058824	11,872324705882	130,3	96
15551757	51,428997058824	11,872324705882	126,7	96
15551753	51,428997058824	11,872324705882	133	96
15551754	51,428997058824	11,872324705882	128,4	96
15551756	51,428997058824	11,872324705882	127,8	96
15551760	51,428997058824	11,872324705882	113,4	96
46795	40,667002178571	16,863871571429	302	95
46802	40,667002178571	16,863871571429	285	95
46786	40,667002178571	16,863871571429	291	95
46785	40,667002178571	16,863871571429	301	95
46791	40,667002178571	16,863871571429	299	95
46779	40,667002178571	16,863871571429	297	95
46793	40,667002178571	16,863871571429	293	95
46790	40,667002178571	16,863871571429	299	95
46783	40,667002178571	16,863871571429	296	95
46777	40,667002178571	16,863871571429	287	95
46789	40,667002178571	16,863871571429	315	95
46782	40,667002178571	16,863871571429	294	95
46780	40,667002178571	16,863871571429	275	95
46797	40,667002178571	16,863871571429	265	95
46775	40,667002178571	16,863871571429	320	95
46787	40,667002178571	16,863871571429	292	95
46776	40,667002178571	16,863871571429	287	95
46801	40,667002178571	16,863871571429	287	95
46788	40,667002178571	16,863871571429	310	95
46792	40,667002178571	16,863871571429	313	95
46796	40,667002178571	16,863871571429	293	95
46794	40,667002178571	16,863871571429	298	95
46781	40,667002178571	16,863871571429	322	95
46784	40,667002178571	16,863871571429	319	95
46778	40,667002178571	16,863871571429	314	95
46798	40,667002178571	16,863871571429	308	95
46800	40,667002178571	16,863871571429	304	95
46799	40,667002178571	16,863871571429	302	95
821515	50,2064430225	7,146858242	449	98,4
821516	50,2064430225	7,146858242	458	98,4
821517	50,2064430225	7,146858242	465	98,4
821518	50,2064430225	7,146858242	465	98,4
41617	41,526357928571	15,158586142857	396	80
41626	41,526357928571	15,158586142857	382	80
41619	41,526357928571	15,158586142857	354	80
41618	41,526357928571	15,158586142857	385	80
41623	41,526357928571	15,158586142857	404	80
41627	41,526357928571	15,158586142857	345	80
41621	41,526357928571	15,158586142857	355	80
41615	41,526357928571	15,158586142857	364	80
47542	41,526357928571	15,158586142857	391	80
41624	41,526357928571	15,158586142857	392	80
41620	41,526357928571	15,158586142857	365	80
41625	41,526357928571	15,158586142857	353	80
41616	41,526357928571	15,158586142857	350	80
41622	41,526357928571	15,158586142857	324	80
80328	41,340549	15,072787333333	761	80
80374	41,340549	15,072787333333	789	80
80376	41,340549	15,072787333333	801	80
80373	41,340549	15,072787333333	802	80
80375	41,340549	15,072787333333	806	80
80327	41,340549	15,072787333333	814	80
702297	41,331946818182	15,118436727273	922	64
702298	41,331946818182	15,118436727273	947	64
702299	41,331946818182	15,118436727273	915	64
702300	41,331946818182	15,118436727273	942	64
702301	41,331946818182	15,118436727273	948	64
702302	41,331946818182	15,118436727273	956	64
702303	41,331946818182	15,118436727273	943	64
702304	41,331946818182	15,118436727273	899	64
702305	41,331946818182	15,118436727273	882	64
702306	41,331946818182	15,118436727273	922	64
702307	41,331946818182	15,118436727273	951	64
702570	41,319821111111	15,135396888889	950	64
702571	41,319821111111	15,135396888889	965	64
702572	41,319821111111	15,135396888889	970	64
70187	41,319821111111	15,135396888889	948	64
70188	41,319821111111	15,135396888889	925	64
70189	41,319821111111	15,135396888889	913	64
70190	41,319821111111	15,135396888889	928	64
70191	41,319821111111	15,135396888889	952	64
70192	41,319821111111	15,135396888889	921	64
781454	41,104528625	15,505829375	455	64
781455	41,104528625	15,505829375	477	64
781456	41,104528625	15,505829375	509	64
781457	41,104528625	15,505829375	521	64
781458	41,104528625	15,505829375	542	64
781459	41,104528625	15,505829375	569	64
781460	41,104528625	15,505829375	573	64
781461	41,104528625	15,505829375	543	64
781462	41,1010602	15,5417176	470	64
781463	41,1010602	15,5417176	440	64
781464	41,1010602	15,5417176	364	64
781465	41,1010602	15,5417176	410	64
781466	41,1010602	15,5417176	413	64
781150	41,0668373	15,5212671	556	64
781151	41,0668373	15,5212671	521	64
781152	41,0668373	15,5212671	497	64
781153	41,0668373	15,5212671	499	64
781154	41,0668373	15,5212671	486	64
781155	41,0668373	15,5212671	471	64
781156	41,0668373	15,5212671	449	64
781157	41,0668373	15,5212671	409	64
781158	41,0668373	15,5212671	380	64
781159	41,0668373	15,5212671	357	64
782560	40,868462333333	15,740874777778	695	64
782561	40,868462333333	15,740874777778	715	64
782562	40,868462333333	15,740874777778	747	64
782563	40,868462333333	15,740874777778	769	64
782564	40,868462333333	15,740874777778	774	64
782565	40,868462333333	15,740874777778	778	64
782566	40,868462333333	15,740874777778	795	64
782567	40,868462333333	15,740874777778	816	64
782568	40,868462333333	15,740874777778	892	64
782569	40,868462333333	15,740874777778	860	64
782572	40,868462333333	15,740874777778	921	64
782573	40,868462333333	15,740874777778	938	64
782574	40,868462333333	15,740874777778	846	64
782575	40,868462333333	15,740874777778	756	64
782576	40,868462333333	15,740874777778	803	64
782577	40,868462333333	15,740874777778	837	64
782578	40,868462333333	15,740874777778	837	64
782579	40,868462333333	15,740874777778	830	64
230031101	52,561110916667	7,6463701666667	38	100
230031302	52,561110916667	7,6463701666667	38	100
230031203	52,561110916667	7,6463701666667	40	100
230043504	52,561110916667	7,6463701666667	37	100
230043805	52,561110916667	7,6463701666667	38	100
230043306	52,561110916667	7,6463701666667	39	100
230043707	52,561110916667	7,6463701666667	37	100
230043608	52,561110916667	7,6463701666667	36	100
230043409	52,561110916667	7,6463701666667	38	100
230043010	52,561110916667	7,6463701666667	35	100
230043211	52,561110916667	7,6463701666667	39	100
230049212	52,561110916667	7,6463701666667	38	100
35190	51,8980667	13,7695937	75	105
35183	51,8980667	13,7695937	74	105
35188	51,8980667	13,7695937	70	105
35189	51,8980667	13,7695937	67	105
35194	51,8980667	13,7695937	71	105
35184	51,8980667	13,7695937	73	105
35187	51,8980667	13,7695937	77	105
35186	51,8980667	13,7695937	73	105
35192	51,8980667	13,7695937	67	105
37419	51,8980667	13,7695937	74	105
35193	51,8980667	13,7695937	79	105
35185	51,8980667	13,7695937	77	105
35191	51,8980667	13,7695937	74	105
40010	51,8980667	13,7695937	70	105
37421	51,8980667	13,7695937	76	105
37420	51,8980667	13,7695937	78	105
37422	51,8980667	13,7695937	76	105
40008	51,8980667	13,7695937	74	105
40011	51,8980667	13,7695937	72	105
40009	51,8980667	13,7695937	72	105
15400027	51,1982787	12,9844183	243	67
15400028	51,1982787	12,9844183	238	67
15400029	51,1982787	12,9844183	230	67
15400025	51,1982787	12,9844183	233	67
15400026	51,1982787	12,9844183	229	67
15400022	51,1982787	12,9844183	247	67
15400023	51,1982787	12,9844183	239	67
15400024	51,1982787	12,9844183	230	67
15400021	51,1982787	12,9844183	233	67
15400020	51,1982787	12,9844183	237	67
93878	48,4964596	-0,4076752	142	93,7
93879	48,4964596	-0,4076752	145	93,7
93880	48,4964596	-0,4076752	145	93,7
93877	48,4964596	-0,4076752	145	93,7
93876	48,4964596	-0,4076752	147	93,7
784771	43,200202125	2,8426165	32	64
784772	43,200202125	2,8426165	36	64
784773	43,200202125	2,8426165	38	64
784774	43,200202125	2,8426165	33	64
784775	43,200202125	2,8426165	27	64
784776	43,200202125	2,8426165	30	64
784777	43,200202125	2,8426165	32	64
784778	43,200202125	2,8426165	29	64
216587	46,4563488	-0,0248742	181	95
216588	46,4563488	-0,0248742	182	95
216589	46,4563488	-0,0248742	182	95
216590	46,4563488	-0,0248742	179	95
216591	46,4563488	-0,0248742	181	95
84500	48,984038	-0,7089865	280	80
84501	48,984038	-0,7089865	286	80
84502	48,984038	-0,7089865	284	80
84503	48,984038	-0,7089865	282	80
825957	49,959756333333	3,3825016666667	155	98,4
825958	49,959756333333	3,3825016666667	153	98,4
825959	49,959756333333	3,3825016666667	147	98,4
825960	49,959756333333	3,3825016666667	153	98,4
825961	49,959756333333	3,3825016666667	154	98,4
825962	49,959756333333	3,3825016666667	146	98,4
202090	47,1818168125	7,0202066875	1239	95
202091	47,1818168125	7,0202066875	1220	95
202092	47,1818168125	7,0202066875	1246	95
202093	47,1818168125	7,0202066875	1235	95
211919	47,1818168125	7,0202066875	1247	94
211920	47,1818168125	7,0202066875	1254	94
211921	47,1818168125	7,0202066875	1279	94
211922	47,1818168125	7,0202066875	1234	94
37150	47,1818168125	7,0202066875	1253	95
37149	47,1818168125	7,0202066875	1240	95
37147	47,1818168125	7,0202066875	1253	95
37148	47,1818168125	7,0202066875	1246	95
37146	47,1818168125	7,0202066875	1249	95
37153	47,1818168125	7,0202066875	1244	95
37152	47,1818168125	7,0202066875	1234	95
37151	47,1818168125	7,0202066875	1225	95
